0.521774 34.268000 -166 23 0
1.030760 42.337000 -170 25 0
1.534812 42.670000 -171 25 0
2.023316 21.411000 -170 25 0
2.523478 21.642000 -167 26 0
3.025622 34.055000 -168 26 0
3.537108 44.424000 -167 28 0
4.037187 36.965000 -167 36 0
4.526035 22.225000 -173 40 0
5.028532 23.203000 -173 42 0
5.536954 41.561000 -171 41 0
6.039170 41.673000 -172 41 0
6.527095 21.103000 -173 40 0
7.030046 23.250000 -171 39 0
7.529888 33.093000 -171 38 0
8.040794 44.734000 -171 37 0
8.541867 39.931000 -171 37 0
9.035108 26.084000 -172 36 0
9.530644 21.469000 -172 36 0
10.032883 35.775000 -174 35 0
10.544240 45.398000 -173 35 0
11.044069 39.008000 -173 35 0
11.534175 23.147000 -173 35 0
12.036439 36.170000 -173 35 0
12.545901 43.907000 -174 36 0
13.034328 21.441000 -174 36 0
13.535361 32.225000 -171 37 0
14.046813 43.740000 -145 37 0
14.548164 34.701000 -125 27 0
15.038899 34.364000 -117 20 0
15.549133 44.084000 -113 16 0
16.048818 35.238000 -103 8 0
16.537344 21.508000 -94 6 0
17.041690 36.523000 -93 6 0
17.550888 44.210000 -92 6 0
18.051121 33.877000 -151 14 0
18.540737 22.911000 -178 22 0
19.043643 35.430000 156 23 0
19.552955 45.839000 130 20 0
20.052804 35.818000 115 16 0
20.542534 22.722000 103 11 0
21.044343 22.981000 101 7 0
21.553470 42.062000 93 8 0
22.054797 38.569000 83 11 0
22.545271 23.284000 122 15 0
23.052777 41.839000 160 31 0
23.556917 40.927000 -177 37 0
24.046304 22.488000 -165 39 0
24.546465 22.619000 -162 39 0
